   -0.622358 -2.77669e-06     0.730588  4.00844e-06    -0.273426 -1.34067e-06    0.0644036  1.40899e-07 -0.000706542   4.9456e-08  0.000710758 -9.53511e-08
    0.283352  5.74233e-06   -0.0559467 -1.02875e-05    -0.635393  5.21457e-06     0.671991 -2.04282e-07     -0.24176 -1.55955e-07     0.053273 -3.08101e-07
   -0.463723 -2.25326e-06    -0.259211   3.1745e-06     0.455172 -1.13677e-06     0.383377  2.36482e-07    -0.572337 -1.79527e-07     0.189845  8.21698e-08
   -0.438213 -1.71319e-05     -0.42563  2.81085e-05   -0.0653071 -1.21167e-05     0.327478 -2.14776e-06     0.570889  5.10665e-07    -0.435187  1.97487e-06
-2.33292e-05     0.533701 -1.07245e-05    -0.801821   7.1633e-06     0.268786  5.54351e-06 -4.14632e-05  2.08097e-05 -0.000194749 -1.59093e-05 -0.000429298
 4.11233e-06     0.488597  4.05381e-06    0.0404104  1.97569e-06    -0.849283  2.99416e-06    0.0651081 -2.02269e-06     0.111442  -1.3028e-06      0.14731
-4.99182e-06     0.222911 -6.50075e-06     0.192272 -8.68598e-06     0.131422 -8.55763e-06    -0.835431 -3.43038e-06    -0.122904  7.65284e-06     0.427809
 5.02819e-05   0.00286777  6.52677e-05   0.00214627  7.48013e-05  0.000899586  6.44233e-05     0.354879  1.23671e-05    -0.816286 -6.16295e-05     0.455768
   -0.352126  -7.0009e-06    -0.457838 -1.13544e-05    -0.527913 -1.34677e-05    -0.455928  5.87696e-05   -0.0955414 -0.000119524      0.41316  5.42553e-05
-3.01077e-06       0.5761 -4.19631e-06     0.457499 -6.16271e-06     0.219758 -7.39948e-06    0.0460519 -9.95481e-06    -0.293472 -1.29624e-05    -0.567683
-9.05612e-06     0.307972 -1.42567e-05     0.330412 -2.60642e-05     0.375375 -3.62111e-05     0.412015 -5.56513e-05      0.46907 -7.36594e-05     0.515064
    0.036327  4.29682e-05    0.0717219  4.26843e-05     0.177131  4.24995e-05     0.286688  4.39133e-05     0.528147  4.02055e-05     0.775262  4.38882e-05

 -0.00633302   -0.0483449    0.0049992     -3.71698  -0.00181159  0.000326439 -4.36104e-05    0.0002621     -2.22896  5.47488e-06 -4.68936e-05    0.0669138
   0.0270084    0.0317685   -0.0186797  -0.00210177    -0.187258     -4.40618    -0.307392  -0.00780282  4.34091e-05     -1.18421     0.224151 -7.36854e-06
 -0.00726298    0.0269609    0.0539614 -1.63755e-05    0.0329302      1.35905     0.284163   0.00437958  2.75779e-06     0.812947     0.263134  4.32732e-05
  0.00560375    0.0297519    0.0326784      13.7196  -0.00542115  -0.00114285 -0.000381081 -0.000865091      3.90153  0.000125206 -5.15288e-05      0.95565
